a: -0.00124767283733
b: 0.789081487339
