a: -1.10641891892
b: 14.0810810811
